格式：

R/Ω     I/mA    U/V

>>>>>>>>>>>>>>>>>>>>>>>>>>>>>>>>>>>>>>>>>>>>>>>>>>>>>>>>>>>>>>>>>>>>>

示例：

9000	0.240	2.194
8000	0.269	2.187
7000	0.306	2.180
6000	0.355	2.171
5000	0.423	2.162
4000	0.522	2.146
3000	0.683	2.120
2000	0.986	2.017
1000	1.736	1.890
900     1.875   1.843
800     2.031   1.779
700     2.202   1.691
600     2.390   1.566
500     2.570   1.382
400     2.721   1.137  
300     2.790   0.869
200     2.808   0.582
100     2.811   0.298 
90      2.818   0.272
80      2.822   0.250  
70      2.818   0.215
60      2.828   0.185
50      2.831   0.152

>>>>>>>>>>>>>>>>>>>>>>>>>>>>>>>>>>>>>>>>>>>>>>>>>>>>>>>>>>>>>>>>>>>>>

使用方法：按照上面的格式，把数据写入"太阳能电池基本特性的测量.txt"，放到目录
          "input"里。

